 Dimension       Time    Gflop/s       GB/s        Error
         8   5.148560   0.000000   3.496125 0.000000e+00
        56   0.190817   0.000000   1.742016 4.420922e+01
       104   0.171943   0.000000   0.555913 4.033458e+00
       152   0.171448   0.000000   0.260437 2.728484e-11
       200   0.170395   0.000000   0.152198 1.273293e-11
       248   0.167292   0.000000   0.100593 1.818989e-11
       296   0.175491   0.000000   0.067588 4.646587e+00
       344   0.166480   0.000000   0.053051 9.549694e-12
       392   0.167449   0.000000   0.040856 5.911716e-12
       440   0.172407   0.000000   0.031432 5.002221e-12
       488   0.170667   0.000000   0.026406 5.684342e-12
       536   0.183606   0.000000   0.020965 3.183231e-12
       584   0.197438   0.000000   0.018204 3.069545e-12
       632   0.164576   0.000000   0.015754 3.069545e-12
       680   0.205906   0.000000   0.013547 3.183231e-12
       728   0.190297   0.000000   0.011768 3.296918e-12
       776   0.228359   0.000000   0.010453 3.637979e-12
       824   0.185001   0.000000   0.009133 2.046363e-12
       872   0.218088   0.000000   0.008198 1.591616e-12
       920   0.255100   0.000000   0.007394 1.477929e-12
       968   0.299409   0.000000   0.006628 1.477929e-12
      1016   0.193942   0.000000   0.005370 1.335820e-12
      1064   0.199406   0.000000   0.005469 1.421085e-12
      1112   0.228790   0.000000   0.004981 1.591616e-12
      1160   0.257589   0.000000   0.004615 1.705303e-12
      1208   0.292345   0.000000   0.004235 1.818989e-12
      1256   0.328196   0.000000   0.003922 1.875833e-12
      1304   0.367002   0.000000   0.003641 2.103206e-12
      1352   0.415353   0.000000   0.003336 2.387424e-12
      1400   0.453605   0.000000   0.003163 2.330580e-12
      1448   0.501691   0.000000   0.002958 2.444267e-12
      1496   0.554452   0.000000   0.002765 2.671641e-12
      1544   0.607913   0.000000   0.002602 2.444267e-12
      1592   0.674414   0.000000   0.002419 3.012701e-12
      1640   0.734783   0.000000   0.002287 3.410605e-12
      1688   0.817656   0.000000   0.002115 3.069545e-12
      1736   0.865303   0.000000   0.002056 3.126388e-12
      1784   0.939591   0.000000   0.001945 3.069545e-12
      1832   1.017151   0.000000   0.001845 3.069545e-12
      1880   1.099925   0.000000   0.001751 3.410605e-12
      1928   1.188060   0.000000   0.001663 3.410605e-12
      1976   1.296121   0.000000   0.001562 3.240075e-12
