 Dimension       Time    Gflop/s       GB/s        Error
        16   1.503616   0.000000  11.306093 0.000000e+00
        64   0.225197   0.000000   4.510302 8.525218e+03
       112   0.200613   0.000000   1.642702 1.531498e+01
       160   0.203526   0.000000   0.793839 1.620021e+01
       208   0.181667   0.000000   0.527775 9.760094e+00
       256   0.183614   0.000000   0.343984 0.000000e+00
       304   0.181064   0.000000   0.248387 8.640200e-12
       352   0.178927   0.000000   0.185861 1.828198e+00
       400   0.172463   0.000000   0.152380 5.002221e-12
       448   0.183780   0.000000   0.120085 6.139089e-12
       496   0.188630   0.000000   0.097129 5.684342e-12
       544   0.191259   0.000000   0.081702 3.183231e-12
       592   0.177057   0.000000   0.068592 3.296918e-12
       640   0.181166   0.000000   0.057970 0.000000e+00
       688   0.222661   0.000000   0.050698 2.842171e-12
       736   0.207439   0.000000   0.043657 3.410605e-12
       784   0.263521   0.000000   0.036605 3.865352e-12
       832   0.199282   0.000000   0.034243 1.705303e-12
       880   0.232234   0.000000   0.031077 1.989520e-12
       928   0.272440   0.000000   0.027934 1.932676e-12
       976   0.324214   0.000000   0.024686 1.818989e-12
      1024   0.193307   0.000000   0.021719 0.000000e+00
      1072   0.210451   0.000000   0.020884 1.648459e-12
      1120   0.239612   0.000000   0.019163 1.762146e-12
      1168   0.275087   0.000000   0.017406 1.875833e-12
      1216   0.304641   0.000000   0.016363 1.932676e-12
      1264   0.345134   0.000000   0.015013 2.046363e-12
      1312   0.383385   0.000000   0.014028 2.387424e-12
      1360   0.433037   0.000000   0.012873 2.444267e-12
      1408   0.477015   0.000000   0.012099 0.000000e+00
      1456   0.531767   0.000000   0.011223 2.614797e-12
      1504   0.597786   0.000000   0.010312 3.012701e-12
      1552   0.672326   0.000000   0.009461 2.785328e-12
      1600   0.856572   0.000000   0.007656 2.899014e-12
      1648   0.817194   0.000000   0.008265 3.296918e-12
      1696   0.836970   0.000000   0.008305 2.899014e-12
      1744   0.926885   0.000000   0.007711 3.240075e-12
      1792   1.019411   0.000000   0.007204 0.000000e+00
      1840   1.075171   0.000000   0.007014 3.069545e-12
      1888   1.155247   0.000000   0.006698 3.467449e-12
      1936   1.262997   0.000000   0.006282 3.240075e-12
      1984   1.341918   0.000000   0.006059 3.637979e-12

