 Dimension       Time    Gflop/s       GB/s        Error
         4  25.973192   0.000000   0.770025 0.000000e+00
        52   0.202700   0.000000   0.476051 1.174711e+01
       100   0.211184   0.000000   0.122556 2.273972e+00
       148   0.182848   0.000000   0.064461 2.364686e-11
       196   0.176772   0.000000   0.037944 1.182343e-11
       244   0.185406   0.000000   0.023342 1.546141e-11
       292   0.187724   0.000000   0.016382 7.730705e-12
       340   0.183896   0.000000   0.012342 9.549694e-12
       388   0.189458   0.000000   0.009461 5.002221e-12
       436   0.194836   0.000000   0.007464 5.002221e-12
       484   0.176993   0.000000   0.006313 5.229595e-12
       532   0.185951   0.000000   0.005137 2.728484e-12
       580   0.212083   0.000000   0.004208 3.637979e-12
       628   0.220311   0.000000   0.003654 3.069545e-12
       676   0.217849   0.000000   0.003182 2.728484e-12
       724   0.227679   0.000000   0.002446 3.069545e-12
       772   0.243702   0.000000   0.002436 3.296918e-12
       820   0.195110   0.000000   0.002154 1.648459e-12
       868   0.230908   0.000000   0.001927 1.534772e-12
       916   0.275419   0.000000   0.001705 1.421085e-12
       964   0.319130   0.000000   0.001548 1.364242e-12
      1012   0.185947   0.000000   0.001395 1.250555e-12
      1060   0.213514   0.000000   0.001272 1.193712e-12
      1108   0.245357   0.000000   0.001157 1.364242e-12
      1156   0.277275   0.000000   0.001068 1.648459e-12
      1204   0.312247   0.000000   0.000988 1.762146e-12
      1252   0.351842   0.000000   0.000912 1.989520e-12
      1300   0.393984   0.000000   0.000845 2.103206e-12
      1348   0.441277   0.000000   0.000783 2.160050e-12
      1396   0.520756   0.000000   0.000687 2.273737e-12
      1444   0.701369   0.000000   0.000527 2.501110e-12
      1492   0.631830   0.000000   0.000605 2.387424e-12
      1540   0.658326   0.000000   0.000599 2.557954e-12
      1588   0.717042   0.000000   0.000567 2.842171e-12
      1636   0.826756   0.000000   0.000507 2.842171e-12
      1684   0.913453   0.000000   0.000472 3.012701e-12
      1732   0.994517   0.000000   0.000446 3.410605e-12
      1780   1.109358   0.000000   0.000411 3.183231e-12
      1828   1.097748   0.000000   0.000427 3.069545e-12
      1876   1.189958   0.000000   0.000404 3.183231e-12
      1924   1.280384   0.000000   0.000385 3.467449e-12
      1972   1.367434   0.000000   0.000369 3.012701e-12
