 Dimension       Time    Gflop/s       GB/s        Error
        32   1.199148   0.000000  13.759965 0.000000e+00
        64   0.538937   0.000000   7.538584 1.117477e+04
        96   0.223992   0.000000   8.024569 8.762222e+03
       128   0.214444   0.000000   4.701262 9.008973e+02
       160   0.181536   0.000000   3.559991 5.862358e+02
       192   0.175585   0.000000   2.557279 1.737541e+01
       224   0.168373   0.000000   1.948588 1.618080e+01
       256   0.177036   0.000000   1.427059 0.000000e+00
       288   0.170823   0.000000   1.164181 1.817949e+01
       320   0.176861   0.000000   0.921839 1.000444e-11
       352   0.170234   0.000000   0.781407 7.183991e+00
       384   0.189409   0.000000   0.599448 5.229595e-12
       416   0.170960   0.000000   0.559485 6.366463e-12
       448   0.187227   0.000000   0.471498 5.684342e-12
       480   0.185768   0.000000   0.424224 5.684342e-12
       512   0.191668   0.000000   0.350814 0.000000e+00
       544   0.196857   0.000000   0.317515 4.092726e-12
       576   0.197880   0.000000   0.286645 3.183231e-12
       608   0.195597   0.000000   0.255062 3.410605e-12
       640   0.180259   0.000000   0.233046 3.069545e-12
       672   0.208743   0.000000   0.211292 3.069545e-12
       704   0.181179   0.000000   0.191259 3.296918e-12
       736   0.210348   0.000000   0.172215 4.547474e-12
       768   0.240898   0.000000   0.156904 0.000000e+00
       800   0.182303   0.000000   0.143975 1.932676e-12
       832   0.199040   0.000000   0.137137 1.932676e-12
       864   0.226564   0.000000   0.125105 1.818989e-12
       896   0.244297   0.000000   0.120316 1.932676e-12
       928   0.280398   0.000000   0.108565 1.648459e-12
       960   0.362171   0.000000   0.086948 1.477929e-12
       992   0.351548   0.000000   0.092558 1.932676e-12
      1024   0.192990   0.000000   0.087018 0.000000e+00
      1056   0.216792   0.000000   0.079883 1.421085e-12
      1088   0.218126   0.000000   0.081798 1.591616e-12
      1120   0.245495   0.000000   0.074814 1.932676e-12
      1152   0.259983   0.000000   0.072662 1.932676e-12
      1184   0.297824   0.000000   0.065190 1.989520e-12
      1216   0.307368   0.000000   0.064871 1.989520e-12
      1248   0.335108   0.000000   0.061066 2.046363e-12
      1280   0.371495   0.000000   0.056496 0.000000e+00
      1312   0.408494   0.000000   0.052662 2.330580e-12
      1344   0.425524   0.000000   0.051787 2.614797e-12
      1376   0.461988   0.000000   0.048834 2.501110e-12
      1408   0.489622   0.000000   0.047149 2.899014e-12
      1440   0.522099   0.000000   0.045220 2.842171e-12
      1472   0.590137   0.000000   0.040895 2.785328e-12
      1504   0.607047   0.000000   0.040619 2.785328e-12
      1536   0.709407   0.000000   0.035498 0.000000e+00
      1568   0.679844   0.000000   0.037812 2.955858e-12
      1600   0.947635   0.000000   0.027680 2.728484e-12
      1632   0.964039   0.000000   0.027753 3.012701e-12
      1664   0.806223   0.000000   0.033836 3.296918e-12
      1696   0.867410   0.000000   0.032054 3.183231e-12
      1728   0.920184   0.000000   0.030785 3.353762e-12
      1760   0.968881   0.000000   0.029779 3.126388e-12
      1792   0.995061   0.000000   0.029522 0.000000e+00
      1824   1.082904   0.000000   0.027612 3.467449e-12
      1856   1.149387   0.000000   0.026471 3.410605e-12
      1888   1.189473   0.000000   0.026019 3.467449e-12
      1920   1.328101   0.000000   0.023698 3.922196e-12
      1952   1.331541   0.000000   0.024031 3.751666e-12
      1984   1.374326   0.000000   0.023664 3.694822e-12
